# symdisc/vector_fields/kernels.py
import torch

# Provide kernels as Python literals to avoid I/O and keep packaging simple.
# You can add many here; they’re light-weight.
GAUSS_7x7_IG_V1 = torch.tensor([
    [2.459932912e-41, 2.048618900e-29, 2.726739060e-22, 6.347132048e-20, 2.726739060e-22, 2.048618900e-29, 2.459932912e-41],
    [2.048618900e-29, 1.452865653e-17, 1.569805210e-10, 3.245999951e-08, 1.569805210e-10, 1.452865653e-17, 2.048618900e-29],
    [2.726739060e-22, 1.569805210e-10, 1.081775260e-03, 1.388299687e-01, 1.081775260e-03, 1.569805210e-10, 2.726739060e-22],
    [6.347132048e-20, 3.245999951e-08, 1.388299687e-01, -5.596471072e-01, 1.388299687e-01, 3.245999951e-08, 6.347132048e-20],
    [2.726739060e-22, 1.569805210e-10, 1.081775260e-03, 1.388299687e-01, 1.081775260e-03, 1.569805210e-10, 2.726739060e-22],
    [2.048618900e-29, 1.452865653e-17, 1.569805210e-10, 3.245999951e-08, 1.569805210e-10, 1.452865653e-17, 2.048618900e-29],
    [2.459932912e-41, 2.048618900e-29, 2.726739060e-22, 6.347132048e-20, 2.726739060e-22, 2.048618900e-29, 2.459932912e-41],
], dtype=torch.float32)

BUILTIN_KERNELS = {
    "gauss7x7_ig_v1": GAUSS_7x7_IG_V1,
}
